ARIMA赎回预测的误差：
  0.15025823 0.21105053 0.25273733 0.18961865 0.05953821 0.27990584
  0.03534684 0.06420007 0.3928833  0.01640431 0.12140617 0.49595167
  0.16655887 0.00752609 0.30901029 0.52580114 0.08901019 0.24003262
  0.39420245 0.26911028 0.36242977 0.09689686 0.15579714 0.07778173
  0.00957525 0.2484515  0.3228419  0.21915141 0.09560449 0.41052402
  0.16831709
  
  7个超过0.3
  
ARIMA申购预测的误差：
  0.11954644 0.03593862 0.21537379 0.48664252 0.51318421 0.25400702
  0.12566229 0.61572426 0.35098403 0.17047676 0.29004205 0.25542247
  0.29440348 0.109156   0.02325802 0.09285805 0.283853   0.23832171
  0.03057589 0.25482262 0.26782356 0.37106553 0.34254148 0.15715627
  0.43336346 0.65612316 0.45568331 0.27329087 0.45771285 0.68064801
  0.68910845
  13个超过3%

线性回归赎回预测的误差：
  0.12516067 0.01960681 0.00779931 0.05052664 0.26528739 0.14323349
  0.07061716 0.07284757 0.15270723 0.15631259 0.11357706 0.26880284
  0.06366851 0.15401594 0.20824328 0.32633468 0.0758801  0.28531838
  0.22571993 0.23332416 0.23225529 0.13028539 0.02522042 0.19376578
  0.23871857 0.12427182 0.61908592 0.10832449 0.22274906 0.46430021
  0.1953211 
  
  3个超过0.3
  
线性回归申购预测的误差:
  0.14950675 0.16332803 0.17826612 0.09508982 0.2271387  0.03999885
  0.14121955 0.3741257  0.08592832 0.14130775 0.07459137 0.11267522
  0.03411045 0.11440385 0.09617283 0.21526777 0.20452088 0.01812927
  0.14433184 0.01670199 0.23285259 0.21902345 0.04466732 0.10464206
  0.00548879 0.0697988  0.10394487 0.33482651 0.14130934 0.22435547
  0.39971452
  
  2个超过0.3
